15 7 1 14 7 18
15 7 1 14 6 18
15 7 2 14 6 18
15 7 1 14 5 18
15 7 2 14 5 18
15 7 3 14 5 18
14 7 1 14 6 18
14 7 1 14 5 18
14 7 2 14 5 18
15 7 2 13 6 19
15 7 2 13 5 19
14 7 1 13 6 19
15 7 3 13 5 19
15 6 1 14 8 18
15 6 1 14 7 18
14 7 1 13 5 19
15 6 1 14 6 18
14 7 2 13 5 19
14 7 0 14 7 18
14 7 0 14 6 18
15 6 2 14 7 18
15 6 1 14 5 18
15 6 2 14 6 18
15 7 3 12 5 20
14 7 0 14 5 18
15 6 2 14 5 18
14 7 2 12 5 20
14 6 1 14 7 18
15 6 3 14 6 18
14 6 1 14 6 18
14 6 2 14 6 18
15 6 3 14 5 18
14 6 1 14 5 18
14 6 2 14 5 18
15 6 4 14 5 18
14 6 3 14 5 18
14 6 0 14 8 18
14 6 0 14 7 18
14 6 0 14 6 18
15 6 2 13 7 19
14 6 0 14 5 18
15 6 2 13 6 19
14 6 1 13 7 19
14 6 1 13 6 19
15 6 3 13 6 19
15 6 2 13 5 19
14 6 2 13 6 19
14 6 1 13 5 19
15 6 3 13 5 19
13 7 1 13 5 19
